[]
(50,400)
(750,400)
[[397, 389, 240]]
(73, 392)
(733, 387)
[[620, 214, 70], [211, 595, 70], [608, 638, 130], [389, 423, 130], [195, 201, 130]]
(118, 704)
(736, 77)
[[131, 665, 100], [200, 663, 100], [294, 667, 100], [361, 668, 100], [451, 668, 100], [530, 667, 100], [615, 666, 100], [744, 666, 100], [654, 429, 100], [577, 433, 100], [494, 433, 100], [378, 432, 100], [281, 430, 100], [162, 430, 100], [68, 428, 100], [127, 171, 100], [191, 172, 100], [267, 170, 100], [356, 172, 100], [460, 172, 100], [553, 168, 100], [644, 169, 100], [766, 170, 100]]
(762, 33)
(764, 782)
